slope_2: -0.4053896968630884
slope_3: -0.26975253084436296
slope_5: -0.2727706414742684
