slope_2: -0.264082263993287
slope_3: -0.2895088937639077
slope_5: -0.384919319558651
