slope_2: -0.31665884721570925
slope_3: -0.3541699335948763
slope_5: -0.26099356928291545
