slope_2: -0.25804518927754033
slope_3: -0.27427362996482807
slope_5: -0.3355250620537897
