slope_2: -0.20690889959252448
slope_3: -0.3204066503092351
slope_5: -0.23852356853516585
