slope_2: -0.3276068651402994
slope_3: -0.33891848072001635
slope_5: -0.26571105047564353
