slope_2: -0.2264020730003925
slope_3: -0.2996338645180435
slope_5: -0.2889903553752172
