slope_2: -0.3815062447395046
slope_3: -0.3217562345234628
slope_5: -0.357984000242989
