slope_2: -0.29055116487847255
slope_3: -0.40311661596284787
slope_5: -0.337137060453101
