slope_2: -0.30506225945001314
slope_3: -0.4205625763331272
slope_5: -0.28463969217874
