slope_2: -0.28912381579811125
slope_3: -0.3500556463108958
slope_5: -0.3504241369353903
